year	month	year_month	revenue	monthly_visits	monthly_transactions
2016	8	2016-08	85106707.26	1118	304922
2016	9	2016-09	43184701.44	859	178520
2016	10	2016-10	24823508.73	1073	122858
2016	11	2016-11	46946731.96	2744	193473
2016	12	2016-12	55265019.9	3688	254308
2017	1	2017-01	36560068.36	2332	149041
2017	2	2017-02	31229196.7	1798	115754
2017	3	2017-03	53761060.89	1999	149636
2017	4	2017-04	45622877.98	1898	117617
2017	5	2017-05	26244741.2	2127	127121
2017	6	2017-06	23196509.33	2029	122191
2017	7	2017-07	36144764.75	2144	140193
2017	8	2017-08	1995117.44	97	7143
